129627424
110759778
378324005
506453942
327180503
136549038
131368017
501419209
138911210
49927225
578391
120951081
362391732
465410332
311692545
382870310
439916233
74452528
313138840
419023745
166049534
384607435
395182876
473833667
11803820
396602276
363761002
391891720
108951661
306439258
500318776
100827084
399442848
514947114
513486453
101783092
112136328
427817359
411397892
427816788
87619081
34254526
426181886
467170498
110154062
370884768
39468753
488454819
140168575
522605919
484882742
129244784
471674351
326331674
509979445
446011003
89484713
124264309
390174006
119781436
417802623
105451029
88164791
149441939
125309811
387699584
377655523
109193316
116977743
134695023
435679464
449719987
429460942
407094401
103196406
459023765
446508536
406150386
454664461
113628993
252959
759331
127367716
100510382
440778186
111036206
39213807
427550815
127864703
471760334
69571731
391202794
366557123
437162526
6185746
152550473
10139384
105455344
376527689
397898347
157850478
465651577
445940730
379122555
484369407
392955182
430604344
110246536
451773438
330347826
368320042
477197386
123426505
46722106
324789304
325399818
461442099
150908965
106162773
411794312
450916650
118421993
430618753
116817213
76675715
457816464
86682746
441311409
483361470
378213166
396978959
127147745
470117175
420455088
170681835
519332769
433526290
403387549
106274115
501947006
452880141
376924573
120642929
129395120
121465574
148746843
11463902
328940481
432595435
377156132
391887800
141643297
41799801
490929381
110289971
86886745
112826088
332114243
469563303
501913676
405113474
395379290
430698927
483716261
1632081
460655470
118570439
308677280
7333710
433193073
420638017
150018693
164530549
414971840
382971379
93476766
393926287
74700870
362503415
387126027
376130211
173566180
386748211
115159007
161698932
381017247
15961455
498158240
364475105
142523675
124710427
102099261
85260132
331409022
101847979
112773421
131506711
514837953
123901396
63837754
164853253
321862513
445385311
171242325
402588122
397188088
71218557
130467038
369716563
93950726
485739369
172124507
112958104
331240600
3317200
477091680
116656252
473977238
107065986
372614583
43796081
8091870
310440072
44974146
370979187
100084970
147235032
113809207
330502322
489678581
16968913
102942680
378232979
326367018
369791516
118426315
15820143
490183472
386251325
415533383
139106227
97289683
331031110
142864658
516705103
365959097
324824592
123703536
116414303
173562026
142598009
3777071
381279050
157678864
119920417
143411732
323419194
109048553
119672390
361038830
138814855
124740856
319605620
406973364
133270609
121806481
479464332
21742464
415980360
49532702
117940734
370363247
90896830
313654205
108492359
77632657
469168553
162232976
306798353
48467754
3355975
165111532
120484292
122717522
383702261
160019469
92884553
97030999
115151202
102490887
444384318
432853091
74355025
61619357
445099076
447197192
388248105
156772090
8072627
102689614
388200438
310451585
6402519
81508413
137930389
398266675
169203871
100704938
76457266
51765934
485183762
44860452
314754518
142156510
364397885
140953671
110042608
10989091
89890223
99637911
98271194
110394134
47708436
398758232
93576649
137729114
67499796
99803746
159160271
170649640
330720219
394981176
404470429
115952605
119635751
107163921
104330816
115495010
44989747
117686880
326897333
400042418
485896980
407899857
505209522
16312124
113601031
460851470
7288440
86138721
52924618
318876837
113278240
55128269
149860503
18132244
363435429
2823428
309532321
89963967
155915452
8878360
112842614
370216199
114075639
489905637
50911222
66703246
159784364
39972837
77875184
32218159
384899619
64504365
100207178
307869920
49590697
366999736
116598234
125182594
120645035
324441469
523667940
461086584
118450960
116201340
104951558
65816706
7591451
121754100
504129731
375263431
68693154
319130979
108458477
314769209
108545081
51628612
99437012
42747034
429103556
106246652
125467636
62304665
19090088
6881253
44253828
99137388
118319463
91028440
18527048
82006527
107686214
118298363
111629174
313142357
2648221
29316642
109532354
26564588
166491247
98739693
109718716
50100005
50833162
98113367
392641024
60921226
90960075
156487120
13029669
116994519
23835464
169482091
91378637
158632953
26883488
51438968
75341885
456627617
105109865
115483033
117524726
518937685
8295257
85196583
25951714
7474461
23604511
88451554
109059726
62212962
377151402
54227966
76935039
88387401
102598844
99575860
43208615
113713653
94200109
115960101
100749908
59828860
85930665
327439468
150243981
105366922
80608355
100288429
69590790
149480075
22114627
8842081
447179321
453815169
97911732
133981429
110939640
71503636
51437739
129262300
102772961
380350782
102884275
8295695
8604711
362331925
73937260
40747361
366989962
31399648
532480333
130549077
419705851
106388539
119402162
415506136
107900573
106670769
158862579
438933817
100115846
84414973
414386706
100289827
79906957
31317602
384637562
311355255
394538049
374077259
470720330
70150771
325596569
106875820
118531540
323497483
57267513
96706571
38737833
73957973
102785511
86678875
76236472
24585439
6045819
83959866
27400022
59015966
9604536
319299521
80641496
48287622
109504366
108361636
365573753
146378738
452333312
95813673
21401617
326291477
113158921
86405281
8604336
74030116
521426569
63236202
119258066
90679193
6086585
95225383
11540223
419515057
63294931
396416599
99051641
114103068
392149147
85198154
103036123
399307577
7288696
521443776
95861751
68244569
58224693
100328810
407446078
146793709
165193735
37861026
106034652
71166091
10015954
41401268
110257292
420895831
104488346
46018552
3556260
3883986
101592950
62071817
76633593
29906059
36951120
106042122
9154367
96675218
29022361
30707240
101459778
100445705
105478089
12898778
406886413
24479685
112100858
166198415
99451611
65279129
86836972
100712280
490163908
76362769
40341980
108686403
114131931
91153194
396575986
59672146
86052425
326615404
363275756
45374901
133181880
102896907
105900846
106121217
102268232
55460066
416321352
73591417
98970145
315877580
62218201
13040058
307381537
497869340
32593682
98677157
36759611
65185864
25590420
60168765
81661318
323117117
40008883
55677805
79085167
64896183
103158798
48306251
95081228
477156367
96652422
33497201
47185760
51714228
83181655
10922025
50894926
95961150
88934608
395987434
92081695
10209565
101663059
166713974
104081723
108451513
7584473
31318727
99417167
57554202
87793562
8605675
116343840
76287314
43211154
119993399
107179486
19201765
26356020
82494888
57018461
99045488
452252955
376048316
321074222
49534346
502208771
98097917
132042826
114767395
32770826
324066308
64579360
110360782
22359851
80317792
76513126
120309452
59985620
99954391
23549004
12767507
12151543
57575018
34967227
83446088
416459700
53629568
115063515
40943141
54430740
8383288
56907765
4010000
60608510
58686857
413407499
74461404
18462462
24797938
25283343
309229858
66157253
118485072
12526768
89946547
43232287
121535889
60551497
97140206
81675918
23108097
17421540
160420290
84851848
11509636
19695760
85812050
7323102
102588365
92270283
91699413
81361339
81934414
24704992
8784333
77109837
80144479
142349988
28585276
95276507
75256906
20619246
58866262
36210504
46560934
49115670
473119743
51360463
78038569
149127041
389908226
9956647
312971495
33204936
156262910
107632684
54335512
80714157
90020454
9141536
312324503
431672215
25683834
372245070
59879631
78927456
81267014
101187167
132636110
390004072
413559497
106430953
117979908
365715277
72328271
468833724
96734766
59641538
19616415
114180659
131224035
8829598
105105535
106144202
141163713
114559085
70742614
20783259
99137247
311004731
467943474
97490702
82408933
14706435
35469929
82688091
371876143
61475584
10458122
48982536
80894478
136219122
18883583
70538824
13443713
30454387
75577499
46543774
67902322
86692792
34754279
98970232
119805104
98459328
80122044
456257645
362025356
98332770
137830571
330136939
109442954
128296483
109313888
100733804
370507388
170275029
360951884
370756795
102227390
124245799
520182418
331573944
127787899
66960279
369793350
69504049
47559603
153476217
44701608
69012584
116504951
488171251
467024532
98591563
79443381
99065712
85404405
81937045
46371363
87168755
158552945
102711361
22380805
145699739
101617265
85281389
166145966
365982955
447388773
97437796
316442474
83795101
33484980
317566017
94599006
314081132
95638797
428146786
146518748
431908265
25879101
52239997
84704598
61521433
416350551
379091237
443753922
431578523
145029290
151030818
391876961
365926257
376620776
388188121
373796508
374031573
415016003
307685159
444892592
369911685
123696979
379490258
140122717
124617576
79902332
159081273
158569279
431395439
168497672
331839932
365071490
141805559
328644377
396956245
128621523
315519777
495417622
417416764
312110151
389914958
380541169
315042814
423864402
113811325
402846015
157172450
307935592
403948632
416019543
330478853
440558158
393559999
447860474
498708023
441729561
151840271
416138395
473769451
393771796
468497894
397324294
367229596
375254910
532726585
484625584
456266367
171741751
149591807
484688074
399019973
319911522
319464657
466121211
364756595
479780288
524406323
464804541
482615270
450817446
132132439
109364592
399566476
327166840
129972874
498334191
381984767
420877164
395605764
387629918
414363089
459149078
311356155
483856422
170715169
106737555
474437396
380349991
322648102
390123318
456820160
389014220
395336617
474571618
427458237
493527432
435591496
321308958
396546884
312365946
448541844
433386419
326446059
426189784
144499802
419511095
499685083
415381394
359592081
465462861
528100756
507263257
152037510
427278538
370173825
473390400
508479855
489482614
441155367
491757493
407661684
417766254
475566270
401694332
434780687
493545887
493551697
369538632
421444014
472239243
396127044
372487506
487668309
371772276
410799357
451781065
478546860
500709368
395394428
472389677
468501796
453923427
486935024
307271087
442432995
509017830
426770794
451118489
412472146
470728132
448739862
507565420
516007188
462993429
415328271
326414277
481182109
528889412
405464359
443714480
441305855
409379503
392894703
434408741
469169427
467939060
433298976
423198613
503192922
482505846
428734609
487111661
393913247
481624828
498932669
432665011
442358400
458530314
478081463
444819378
424694644
433322063
380784947
462834244
457302183
487744043
436987827
392395125
437659031
483818535
432911386
505103535
470743455
468508685
503167940
393057311
474188477
504987415
431054639
444486952
474330604
466544565
465252874
495028743
488664979
511984929
409074225
523694630
463666752
467835687
433398389
456065136
505834757
447950215
432495807
468295318
467666238
451343628
524286869
483000787
444664570
386608984
481868190
432243848
432529165
431667252
482152372
450896181
505954993
487837570
488292490
473858426
502060547
454677754
450047680
456181742
515630176
470438667
372632410
446674918
395475813
516807692
501100555
515639494
509205893
473367635
471601349
469554162
445151183
484614468
520293543
450463282
467011105
482443083
459617442
395715716
496350805
499687450
501092220
511483902
485213504
414964416
454928592
472366229
500366866
477917088
481258975
510339228
499375271
522585049
497577283
471687764
488510800
520055006
501171676
494701887
498589672
503733857
485718032
524967365
503101962
510732488
518470994
506820257
428736113
501145142
530722163
526372449
468135050
432128215
518555421
501127664
500362778
459854591
504695409
518836567
441243849
490109364
477935917
501172670
444971075
460152681
447524106
526497022
498745121
495459236
495619846
498323544
518119375
471391627
495364175
485048779
470206240
524442729
472527078
477633832
494287524
499545980
487781726
505936210
507795784
501161738
510043145
524268990
451904330
518994589
519926055
518695666
522203080
519585021
518508697
494137874
508892980
501792307
482826089
509722025
508900273
525035716
501916803
522913653
468749557
426339353
522413235
501152320
525760281
467507219
484275412
517800265
501157583
518235772
483157322
510456680
512538014
477640810
498846676
522248752
506414001
497271056
511184655
494255294
503754867
513367855
505078909
528191908
519523187
519839920
528579579
513615906
504359763
516991344
501167390
509936970
514546044
500866057
520004498
506953478
524863114
514381206
485360677
530816361
531028587
518836557
527844591
528700775
498602927
523263477
500905625
501142958
518776740
462976245
491737277
510286520
519714034
503758956
511826612
506781064
526771105
488603262
490621259
523230297
519488786
468683693
512519861
516801340
514848415
498522290
513922299
521283148
513118837
525000095
485571281
501141382
494378036
515017788
510232423
517190701
521255705
524419634
525379227
517166699
517979719
512250127
525243075
511509461
525375731
532519665
508268161
522827950
511330239
524783994
504124565
509948150
518206899
509805016
488224023
528078583
509350584
501176025
510122453
504801723
511154528
518766165
517253248
528038864
513127031
514129587
523354768
523078424
508166885
519594143
493898882
517421894
525099654
512753836
512905464
473137474
533000940
483272923
517163661
506307214
514687234
528715045
518856697
512509984
523833247
521181843
517452497
510617814
528919319
532700759
528420711
509795453
486456018
521222613
508533385
531390005
513156760
520934952
529772137
529918895
524796610
502426123
528521119
516587442
526058150
520386252
514462860
522162677
529322241
523225979
520006036
528885967
510044707
522238883
516377833
531490615
529670662
522457716
529901441
506788059
525378938
518977782
520528548
495056028
530337627
505825915
517000291
527963415
530315616
527954938
471558743
531335928
531403971
530463656
529543986
530174565
512466763
530029770
528867605
529869185
528991184
529990444
528033536
523003449
528864588
528400078
530500579
530134688
527207682
516309720
520557702
528728144
529605558
504668652
530301635
524670352
527981087
528884103
531495444
527434155
530308789
534063743
533710976
511855869
513838971
528729678
530006005
528939756
531089243
522452368
526849688
528048735
515901462
526946096
528034350
528464738
532780520
532377932
532703704
512031172
520763406
513054119
533879011
533866274
520142606
533642387
532317786
530293841
532879165
533826282
521503619
533558874
528931321
534070102
532298894
